>> evalAssociationCoeffAllSequence
                Name	SeqNum	baseline	Full	NoOcc	NoReproj	Brox

                City	1	0.345272	0.364762	0.364710	0.373605	0.501433	
           NoOccCity	1	0.386921	0.328621	0.328521	0.350888	0.384196	
             OccCity	1	0.299094	0.404834	0.404834	0.398792	0.631420	
                City	2	0.000000	0.000000	0.000000	0.000000	0.000000	
           NoOccCity	2	
                    	
             OccCity	2	
                    	
                City	5	0.081194	0.021860	0.021860	0.045802	0.174532	
           NoOccCity	5	0.028757	0.028215	0.028215	0.027672	0.030928	
             OccCity	5	0.174206	0.010587	0.010587	0.077960	0.429259	
                City	9	0.272805	0.231781	0.239397	0.215810	0.534630	
           NoOccCity	9	0.178935	0.152375	0.161116	0.098404	0.406547	
             OccCity	9	0.325997	0.276776	0.283754	0.282339	0.607208	
                City	11	0.141935	0.038710	0.038710	0.077419	0.070968	
           NoOccCity	11	0.049080	0.042945	0.042945	0.116564	0.049080	
             OccCity	11	0.244898	0.034014	0.034014	0.034014	0.095238	
                City	13	0.035941	0.054832	0.054641	0.065748	0.076923	
           NoOccCity	13	0.033208	0.053167	0.053242	0.064186	0.071487	
             OccCity	13	0.500000	0.337454	0.292226	0.331004	1.000000	
                City	14	0.152252	0.055856	0.055856	0.055856	0.321622	
           NoOccCity	14	0.005312	0.000000	0.000000	0.000000	0.000000	
             OccCity	14	0.462185	0.173669	0.173669	0.173669	1.000000	
                City	17	0.095411	0.013285	0.013285	0.000000	0.182367	
           NoOccCity	17	0.145161	0.025346	0.025346	0.000000	0.000000	
             OccCity	17	0.040609	0.000000	0.000000	0.000000	0.383249	
                City	18	0.292857	0.382143	0.382143	0.392857	0.292857	
           NoOccCity	18	0.261194	0.354478	0.354478	0.365672	0.261194	
             OccCity	18	1.000000	1.000000	1.000000	1.000000	1.000000	
                City	48	0.000000	0.000000	0.000000	0.000000	0.000000	
           NoOccCity	48	
                    	
             OccCity	48	
                    	
                City	51	0.172965	0.100964	0.100963	0.127431	0.268121	
           NoOccCity	51	0.132320	0.057587	0.057587	0.055322	0.172436	
             OccCity	51	0.218967	0.150059	0.150057	0.209045	0.376419	
                City	56	0.180862	0.171399	0.171399	0.175075	0.280757	
           NoOccCity	56	0.092006	0.063348	0.063348	0.068622	0.212670	
             OccCity	56	0.385417	0.420139	0.420139	0.420139	0.437500	
                City	59	0.325257	0.288379	0.288379	0.300377	0.437607	
           NoOccCity	59	0.245756	0.126486	0.126486	0.139219	0.284805	
             OccCity	59	0.406412	0.453640	0.453640	0.464888	0.593588	
                City	60	0.000000	0.000000	0.000000	0.000000	0.000000	
           NoOccCity	60	
                    	
             OccCity	60	
                    	
                City	91	0.000000	0.000000	0.000000	0.000000	0.000000	
           NoOccCity	91	
                    	
             OccCity	91	
                    	
                City	93	0.295308	0.333027	0.333027	0.323394	0.492849	
           NoOccCity	93	0.148862	0.260595	0.260595	0.214676	0.309982	
             OccCity	93	0.429166	0.399232	0.399232	0.422766	0.659997	
         Residential	19	0.333333	0.320000	0.320000	0.306667	0.333333	
    NoOccResidential	19	1.000000	0.080000	0.080000	0.080000	1.000000	
      OccResidential	19	0.000000	0.440000	0.440000	0.420000	0.000000	
         Residential	20	0.042398	0.003655	0.003655	0.003655	0.153509	
    NoOccResidential	20	NaN	NaN	NaN	NaN	NaN	
      OccResidential	20	0.042398	0.003655	0.003655	0.003655	0.153509	
         Residential	23	0.473432	0.438418	0.439047	0.458060	0.596108	
    NoOccResidential	23	0.232275	0.196554	0.198661	0.224881	0.527910	
      OccResidential	23	0.576328	0.541616	0.541615	0.557553	0.625208	
         Residential	35	0.202200	0.162424	0.174202	0.163525	0.438299	
    NoOccResidential	35	0.140000	0.055294	0.055294	0.055294	0.503529	
      OccResidential	35	0.223239	0.198660	0.214421	0.200133	0.416236	
         Residential	36	0.108815	0.139210	0.139210	0.133131	0.153799	
    NoOccResidential	36	0.006182	0.044822	0.044822	0.023184	0.000000	
      OccResidential	36	0.175351	0.200401	0.200401	0.204409	0.253507	
         Residential	39	0.176381	0.193296	0.193898	0.200792	0.475830	
    NoOccResidential	39	0.141575	0.145974	0.147128	0.106777	0.408459	
      OccResidential	39	0.250962	0.294698	0.294116	0.402245	0.620192	
         Residential	46	0.044099	0.000000	0.000000	0.000000	0.042802	
    NoOccResidential	46	0.005917	0.000000	0.000000	0.000000	0.000000	
      OccResidential	46	0.054817	0.000000	0.000000	0.000000	0.054817	
         Residential	61	0.076622	0.063384	0.063310	0.005506	0.092841	
    NoOccResidential	61	0.063521	0.062916	0.062916	0.000000	0.086509	
      OccResidential	61	0.237037	0.069111	0.068135	0.072928	0.170370	
         Residential	64	0.133353	0.145135	0.145516	0.140728	0.386985	
    NoOccResidential	64	0.052596	0.019035	0.019035	0.013692	0.180164	
      OccResidential	64	0.166507	0.196905	0.197442	0.192882	0.471895	
         Residential	79	0.000000	0.000000	0.000000	0.000000	0.000000	
    NoOccResidential	79	
                    	
      OccResidential	79	
                    	
         Residential	86	0.000000	0.000000	0.000000	0.000000	0.000000	
    NoOccResidential	86	0.000000	0.000000	0.000000	0.000000	0.000000	
      OccResidential	86	NaN	NaN	NaN	NaN	NaN	
         Residential	87	0.027624	0.000000	0.000000	0.000000	0.000000	
    NoOccResidential	87	0.027624	0.000000	0.000000	0.000000	0.000000	
      OccResidential	87	NaN	NaN	NaN	NaN	NaN	
                Road	15	0.232704	0.226415	0.226415	0.266247	0.264151	
           NoOccRoad	15	0.242226	0.232406	0.232406	0.294599	0.242226	
             OccRoad	15	0.215743	0.215743	0.215743	0.215743	0.303207	
                Road	27	0.000000	0.000000	0.000000	0.000000	0.000000	
           NoOccRoad	27	
                    	
             OccRoad	27	
                    	
                Road	28	0.000000	0.000000	0.000000	0.000000	0.000000	
           NoOccRoad	28	
                    	
             OccRoad	28	
                    	
                Road	29	0.067974	0.001307	0.001307	0.001307	0.115686	
           NoOccRoad	29	0.010515	0.002103	0.002103	0.002103	0.002103	
             OccRoad	29	0.162349	0.000000	0.000000	0.000000	0.302245	
                Road	32	0.058675	0.024785	0.024785	0.024785	0.074861	
           NoOccRoad	32	0.053299	0.012388	0.012388	0.012388	0.066551	
             OccRoad	32	0.097308	0.113872	0.113872	0.113872	0.134576	
                Road	52	0.183467	0.191472	0.191472	0.189838	0.193923	
           NoOccRoad	52	0.090446	0.177980	0.177980	0.150136	0.102093	
             OccRoad	52	1.000000	0.309904	0.309904	0.538339	1.000000	
                Road	70	0.000000	0.000000	0.000000	0.000000	0.000000	
           NoOccRoad	70	0.000000	0.000000	0.000000	0.000000	0.000000	
             OccRoad	70	NaN	NaN	NaN	NaN	NaN	No grouping

err_overall =

    0.2402    0.2259    0.2274    0.2292    0.4055


err_overall_var =

    0.1826    0.1741    0.1744    0.1745    0.2411


err_unoccluded =

    0.1231    0.1203    0.1215    0.1072    0.2563


err_unoccluded_var =

    0.1080    0.1053    0.1061    0.0943    0.1906


err_occluded =

    0.3503    0.3254    0.3271    0.3441    0.5462


err_occluded_var =

    0.2276    0.2182    0.2180    0.2227    0.2479

Grouping per car per frame

err_overall =

    0.4577    0.4442    0.4448    0.4475


err_overall_var =

    0.2036    0.2155    0.2152    0.2171


err_unoccluded =

    0.2832    0.2682    0.2690    0.2513


err_unoccluded_var =

    0.1664    0.1728    0.1726    0.1661


err_occluded =

    0.5684    0.5455    0.5459    0.5628


err_occluded_var =

    0.2024    0.2180    0.2178    0.2170

Grouping per sequence

err_overall =

    0.1626    0.1417    0.1424    0.1446


err_overall_var =

    0.0147    0.0187    0.0188    0.0196


err_unoccluded =

    0.1398    0.0934    0.0939    0.0913


err_unoccluded_var =

    0.0395    0.0108    0.0108    0.0121


err_occluded =

    0.3076    0.2498    0.2489    0.2695


err_occluded_var =

    0.0658    0.0518    0.0515    0.0545
