Name	SeqNum	baseline	contPtTracks	contPtTracksNoOcc	contPtTracksNoReproj	RAS

*** City (1->16)

			City	1	0.016771	0.076684	0.076661	0.091744	0.238994	
	   NoOccCity	1	0.000000	0.176783	0.176714	0.222830	0.294872	
		 OccCity	1	0.024922	0.028038	0.028038	0.028038	0.211838	

		    City	2	0.000000	0.000000	0.000000	0.000000	0.000000	
	   NoOccCity	2	                    	
		 OccCity	2	
		        	
		    City	5	0.197897	0.187770	0.188089	0.198886	0.154238	
	   NoOccCity	5	0.000000	0.001207	0.001207	0.000000	0.051901	
		 OccCity	5	0.419311	0.396504	0.397179	0.421407	0.268737

			*City	9	0.198981	0.209360	0.218633	0.204830		

		    City	11	0.122257	0.122257	0.122257	0.122257	0.084639	
	   NoOccCity	11	0.000000	0.000000	0.000000	0.000000	0.000000	
		 OccCity	11	0.173333	0.173333	0.173333	0.173333	0.120000	

		    City	13	0.046319	0.041132	0.040635	0.041189	0.307407	
	   NoOccCity	13	0.004658	0.000001	0.000115	0.000041	0.300809	
		 OccCity	13	0.387550	0.378032	0.372530	0.378229	0.361446	

		    City	14	0.054990	0.059063	0.059063	0.056686	0.024440	
	   NoOccCity	14	0.000000	0.000000	0.000000	0.000000	0.000000	
		 OccCity	14	0.068010	0.073048	0.073048	0.070108	0.030227	

		    City	17	0.017060	0.031496	0.031496	0.017060	0.031496	
	   NoOccCity	17	0.000000	0.029650	0.029650	0.000000	0.000000	
		 OccCity	17	0.033248	0.033248	0.033248	0.033248	0.061381	

		    City	18	0.000000	0.000000	0.000000	0.000000	0.000000	
	   NoOccCity	18	NaN	NaN	NaN	NaN	NaN	
		 OccCity	18	0.000000	0.000000	0.000000	0.000000	0.000000	

		    City	48	0.022388	0.022388	0.022388	0.022388	0.000000	
	   NoOccCity	48	NaN	NaN	NaN	NaN	NaN	
		 OccCity	48	0.022388	0.022388	0.022388	0.022388	0.000000	

		    City	51	0.122424	0.136305	0.136305	0.121787	0.319394	
	   NoOccCity	51	0.018541	0.022868	0.022868	0.018541	0.296663	
		 OccCity	51	0.222354	0.245426	0.245426	0.221105	0.341260	

		    City	56	0.100427	0.100427	0.100427	0.107898	0.235043	
	   NoOccCity	56	0.004988	0.004988	0.004988	0.013707	0.169576	
		 OccCity	56	0.671642	0.671642	0.671642	0.671642	0.626866

			*City	59	0.201483	0.212372	0.212844	0.204100	

		    City	60	0.000000	0.000000	0.000000	0.000000	0.000000	
	   NoOccCity	60	NaN	NaN	NaN	NaN	NaN	
		 OccCity	60	NaN	NaN	NaN	NaN	NaN	

		    City	91	0.000000	0.000000	0.000000	0.000000	0.000000	
	   NoOccCity	91	                    	
		 OccCity	91	

			*City	93	0.199050	0.242884	0.242948	0.205470

*** Residential (17->28)

	 Residential	19	0.100478	0.124300	0.124300	0.121721	0.000000	
NoOccResidential	19	NaN	NaN	NaN	NaN	NaN	
  OccResidential	19	0.100478	0.124300	0.124300	0.121721	0.000000	

     Residential	20	0.074830	0.088444	0.088461	0.091300	0.219048	
NoOccResidential	20	NaN	NaN	NaN	NaN	NaN	
  OccResidential	20	0.074830	0.088444	0.088461	0.091300	0.219048	

     Residential	23	0.183135	0.178028	0.179717	0.186774	0.371642	
NoOccResidential	23	0.018773	0.020055	0.024171	0.020905	0.366737	
  OccResidential	23	0.313180	0.303018	0.302787	0.318012	0.375523	

	 *Residential	35	0.269216	0.275532	0.276178	0.276533

	 *Residential	36	0.250234	0.356226	0.357275	0.261637	

     Residential	39	0.127577	0.127946	0.128894	0.127984	0.335318	
NoOccResidential	39	0.026601	0.028112	0.030336	0.027599	0.310849	
  OccResidential	39	0.267210	0.265999	0.265182	0.266798	0.369154	

     Residential	46	0.068729	0.068729	0.068729	0.068729	0.068729	
NoOccResidential	46	0.000000	0.000000	0.000000	0.000000	0.000000	
  OccResidential	46	0.162602	0.162602	0.162602	0.162602	0.162602	

     Residential	61	0.147833	0.190734	0.190785	0.146782	0.155513	
NoOccResidential	61	0.000000	0.090210	0.090210	0.000000	0.198601	
  OccResidential	61	0.243231	0.255603	0.255687	0.241502	0.127708	

     Residential	64	0.188519	0.175289	0.175434	0.173134	0.412923	
NoOccResidential	64	0.001131	0.001131	0.001131	0.001131	0.342683	
  OccResidential	64	0.249394	0.231865	0.232057	0.229011	0.435741	

     Residential	79	0.000000	0.000000	0.000000	0.000000	0.000000	
NoOccResidential	79	NaN	NaN	NaN	NaN	NaN	
  OccResidential	79	NaN	NaN	NaN	NaN	NaN	

     Residential	86	0.180233	0.180233	0.180233	0.180233	0.180233	
NoOccResidential	86	0.000000	0.000000	0.000000	0.000000	0.000000	
  OccResidential	86	1.000000	1.000000	1.000000	1.000000	1.000000	

     Residential	87	0.000000	0.000000	0.000000	0.000000	0.000000	
NoOccResidential	87	0.000000	0.000000	0.000000	0.000000	0.000000	
  OccResidential	87	NaN	NaN	NaN	NaN	NaN	

*** Road (29->35)

			Road	15	0.328530	0.207493	0.207493	0.328530	0.293948	
       NoOccRoad	15	0.353659	0.203252	0.203252	0.353659	0.341463	
         OccRoad	15	0.267327	0.217822	0.217822	0.267327	0.178218

            Road	27	0.000000	0.000000	0.000000	0.000000	0.000000	
       NoOccRoad	27	NaN	NaN	NaN	NaN	NaN	
         OccRoad	27	NaN	NaN	NaN	NaN	NaN	

            Road	28	0.000000	0.000000	0.000000	0.000000	0.000000	
       NoOccRoad	28	NaN	NaN	NaN	NaN	NaN	
         OccRoad	28	NaN	NaN	NaN	NaN	NaN	

            Road	29	0.031480	0.031480	0.031480	0.031480	0.137461	
       NoOccRoad	29	0.001629	0.001629	0.001629	0.001629	0.001629	
         OccRoad	29	0.085546	0.085546	0.085546	0.085546	0.383481

            Road	32	0.116519	0.117238	0.117238	0.116519	0.243107	
       NoOccRoad	32	0.003102	0.003102	0.003102	0.003102	0.211849	
         OccRoad	32	0.502640	0.505808	0.505808	0.502640	0.349525	

            Road	52	0.112219	0.112219	0.112219	0.112219	0.112219	
       NoOccRoad	52	0.000000	0.000000	0.000000	0.000000	0.000000	
         OccRoad	52	0.133531	0.133531	0.133531	0.133531	0.133531	

            Road	70	0.015152	0.015152	0.015152	0.015152	0.015152	
       NoOccRoad	70	0.000000	0.000000	0.000000	0.000000	0.000000	
         OccRoad	70	1.000000	1.000000	1.000000	1.000000	1.000000	

*** No grouping

err_overall =

    0.1458    0.1440    0.1444    0.1424    0.3115


err_overall_var =

    0.1247    0.1227    0.1227    0.1206    0.2147


err_unoccluded =

    0.0129    0.0177    0.0187    0.0141    0.2658


err_unoccluded_var =

    0.0128    0.0171    0.0177    0.0132    0.1952


err_occluded =

    0.2609    0.2535    0.2534    0.2535    0.3520


err_occluded_var =

    0.1928    0.1881    0.1879    0.1868    0.2281

*** Grouping per car per frame

err_overall =

    0.3228    0.3094    0.3094    0.3169    0.4058


err_overall_var =

    0.1812    0.1747    0.1747    0.1805    0.1308


err_unoccluded =

    0.1646    0.1593    0.1603    0.1656    0.3332


err_unoccluded_var =

    0.1368    0.1309    0.1307    0.1367    0.1186


err_occluded =

    0.4295    0.4029    0.4017    0.4192    0.4493


err_occluded_var =

    0.1890    0.1826    0.1833    0.1903    0.1389

*** Grouping per sequence

err_overall =

    0.0990    0.0998    0.0999    0.1034    0.1642


err_overall_var =

    0.0063    0.0043    0.0043    0.0060    0.0175


err_unoccluded =

    0.0217    0.0291    0.0295    0.0332    0.1444


err_unoccluded_var =

    0.0062    0.0035    0.0035    0.0081    0.0226


err_occluded =

    0.2792    0.2781    0.2779    0.2800    0.2938


err_occluded_var =

    0.0796    0.0786    0.0786    0.0790    0.0758

     



