Name	SeqNum	baseline	contPtTracks	contPtTracksNoOcc	contPtTracksNoReproj	RAS

*** City (1->16)

            City	1	0.050465	0.069388	0.069374	0.078627	0.197875	
       NoOccCity	1	0.034722	0.070022	0.069997	0.086125	0.152778	
         OccCity	1	0.071651	0.068536	0.068536	0.068536	0.258567

            City	2	0.000000	0.000000	0.000000	0.000000	0.000000	
       NoOccCity	2	                    	
         OccCity	2	
                	
            City	5	0.190175	0.194607	0.199360	0.196426	0.376084	
       NoOccCity	5	0.061677	0.102372	0.111128	0.081300	0.268387	
         OccCity	5	0.336969	0.299975	0.300155	0.327946	0.499116	

            City	9	0.191885	0.198128	0.205167	0.194891	0.381675	
       NoOccCity	9	0.076331	0.109911	0.117686	0.078658	0.348508	
         OccCity	9	0.260205	0.250285	0.256889	0.263612	0.401285	

            City	11	0.102922	0.098475	0.098475	0.102922	0.101652	
       NoOccCity	11	0.007937	0.007937	0.007937	0.007937	0.007937	
         OccCity	11	0.272085	0.259717	0.259717	0.272085	0.268551	

            City	13	0.046319	0.041132	0.040635	0.041189	0.296482	
       NoOccCity	13	0.004658	0.000001	0.000115	0.000041	0.287325	
         OccCity	13	0.387550	0.378032	0.372530	0.378229	0.371486	

            City	14	0.120456	0.121541	0.121541	0.119196	0.177428	
       NoOccCity	14	0.040816	0.000000	0.000000	0.040816	0.040816	
         OccCity	14	0.124928	0.128367	0.128367	0.123598	0.185100	

            City	17	0.017060	0.031496	0.031496	0.017060	0.031496	
       NoOccCity	17	0.000000	0.029650	0.029650	0.000000	0.000000	
         OccCity	17	0.033248	0.033248	0.033248	0.033248	0.061381	

            City	18	0.034314	0.044118	0.044118	0.034314	0.046569	
       NoOccCity	18	NaN	NaN	NaN	NaN	NaN	
         OccCity	18	0.034314	0.044118	0.044118	0.034314	0.046569	

            City	48	0.247863	0.247863	0.247863	0.247863	0.459096	
       NoOccCity	48	0.000000	0.000000	0.000000	0.000000	0.366883	
         OccCity	48	1.000000	1.000000	1.000000	1.000000	0.738916	

            City	51	0.149912	0.145726	0.145726	0.149576	0.283842	
       NoOccCity	51	0.021490	0.025430	0.025430	0.021490	0.182307	
         OccCity	51	0.253391	0.242657	0.242657	0.252785	0.365657	

            City	56	0.123519	0.104390	0.104404	0.110954	0.252115	
       NoOccCity	56	0.004219	0.004439	0.004496	0.012175	0.168776	
         OccCity	56	0.606838	0.509319	0.509157	0.511135	0.589744	

			*City	59	0.156719	0.147628	0.148139	0.153453

            City	60	0.000000	0.000000	0.000000	0.000000	0.000000	
       NoOccCity	60	NaN	NaN	NaN	NaN	NaN	
         OccCity	60	NaN	NaN	NaN	NaN	NaN	

            City	91	0.000000	0.000000	0.000000	0.000000	0.000000	
       NoOccCity	91	                    	
         OccCity	91	

			*City	93	0.235116	0.258567	0.259871	0.224885

*** Residential (17->28)

	 Residential	19	0.180868	0.176293	0.175841	0.162443	0.366573	
NoOccResidential	19	0.037139	0.038418	0.041047	0.032796	0.273788	
  OccResidential	19	0.329524	0.318895	0.315255	0.296534	0.462540	

     Residential	20	0.081519	0.073891	0.073904	0.082371	0.192466	
NoOccResidential	20	NaN	NaN	NaN	NaN	NaN	
  OccResidential	20	0.081519	0.073891	0.073904	0.082371	0.192466	

     Residential	23	0.190855	0.178102	0.178482	0.185430	0.274193	
NoOccResidential	23	0.009891	0.017673	0.020772	0.014921	0.135697	
  OccResidential	23	0.374450	0.340863	0.338485	0.358419	0.414703	

	 *Residential	35	0.221565	0.226807	0.228281	0.223669

	 *Residential	36	0.242088	0.228690	0.239565	0.224090

     Residential	39	0.138921	0.138268	0.139936	0.136713	0.335468	
NoOccResidential	39	0.026622	0.033825	0.036659	0.026096	0.308041	
  OccResidential	39	0.364344	0.347923	0.347250	0.358759	0.390524	

     Residential	46	0.074985	0.074985	0.074985	0.074985	0.076157	
NoOccResidential	46	0.000000	0.000000	0.000000	0.000000	0.000000	
  OccResidential	46	0.219178	0.219178	0.219178	0.219178	0.222603	

     Residential	61	0.190110	0.197598	0.197539	0.175700	0.314507	
NoOccResidential	61	0.056120	0.094445	0.094603	0.042723	0.193697	
  OccResidential	61	0.367017	0.333791	0.333445	0.351268	0.474012	

     Residential	64	0.178532	0.167372	0.167502	0.164684	0.328957	
NoOccResidential	64	0.001026	0.001026	0.001026	0.001026	0.199877	
  OccResidential	64	0.235601	0.220852	0.221024	0.217300	0.370456	

     Residential	79	0.000000	0.000000	0.000000	0.000000	0.000000	
NoOccResidential	79	NaN	NaN	NaN	NaN	NaN	
  OccResidential	79	NaN	NaN	NaN	NaN	NaN	

     Residential	86	0.180233	0.180233	0.180233	0.180233	0.180233	
NoOccResidential	86	0.000000	0.000000	0.000000	0.000000	0.000000	
  OccResidential	86	1.000000	1.000000	1.000000	1.000000	1.000000	

     Residential	87	0.000000	0.000000	0.000000	0.000000	0.000000	
NoOccResidential	87	0.000000	0.000000	0.000000	0.000000	0.000000	
  OccResidential	87	NaN	NaN	NaN	NaN	NaN	

*** Road (29->35)

            Road	15	0.320433	0.205882	0.205882	0.320433	0.241486	
       NoOccRoad	15	0.317431	0.181651	0.181651	0.317431	0.214679	
         OccRoad	15	0.336634	0.336634	0.336634	0.336634	0.386139	

            Road	27	0.000000	0.000000	0.000000	0.000000	0.000000	
       NoOccRoad	27	NaN	NaN	NaN	NaN	NaN	
         OccRoad	27	NaN	NaN	NaN	NaN	NaN	

            Road	28	0.000000	0.031250	0.031250	0.000000	0.343750	
       NoOccRoad	28	0.000000	0.000000	0.000000	0.000000	0.400000	
         OccRoad	28	0.000000	0.222222	0.222222	0.000000	0.000000	

            Road	29	0.031480	0.031480	0.031480	0.031480	0.031480	
       NoOccRoad	29	0.001629	0.001629	0.001629	0.001629	0.001629	
         OccRoad	29	0.085546	0.085546	0.085546	0.085546	0.085546	

            Road	32	0.116926	0.117633	0.117633	0.116926	0.137671	
       NoOccRoad	32	0.003038	0.003038	0.003038	0.003038	0.038882	
         OccRoad	32	0.511579	0.514737	0.514737	0.511579	0.480000	

            Road	52	0.157647	0.157647	0.157647	0.157647	0.157647	
       NoOccRoad	52	0.000000	0.000000	0.000000	0.000000	0.000000	
         OccRoad	52	0.186630	0.186630	0.186630	0.186630	0.186630

            Road	70	0.015152	0.015152	0.015152	0.015152	0.015152	
       NoOccRoad	70	0.000000	0.000000	0.000000	0.000000	0.000000	
         OccRoad	70	1.000000	1.000000	1.000000	1.000000	1.000000	

*** No grouping

err_overall =

    0.1638    0.1613    0.1628    0.1587    0.3044


err_overall_var =

    0.1371    0.1340    0.1347    0.1301    0.2118


err_unoccluded =

    0.0330    0.0464    0.0489    0.0330    0.2168


err_unoccluded_var =

    0.0319    0.0432    0.0452    0.0290    0.1698


err_occluded =

    0.2852    0.2678    0.2684    0.2754    0.3857


err_occluded_var =

    0.2039    0.1945    0.1944    0.1955    0.2369

*** Grouping per car per frame

err_overall =

    0.3763    0.3483    0.3490    0.3656    0.4742


err_overall_var =

    0.2135    0.2010    0.2009    0.2116    0.1720


err_unoccluded =

    0.1963    0.1890    0.1907    0.1886    0.3463


err_unoccluded_var =

    0.1495    0.1392    0.1390    0.1431    0.1488


err_occluded =

    0.4979    0.4544    0.4541    0.4854    0.5630


err_occluded_var =

    0.2258    0.2196    0.2200    0.2281    0.1769

*** Grouping per sequence

err_overall =

    0.1205    0.1170    0.1175    0.1191    0.2154


err_overall_var =

    0.0068    0.0050    0.0051    0.0065    0.0174


err_unoccluded =

    0.0294    0.0301    0.0311    0.0320    0.1496


err_unoccluded_var =

    0.0043    0.0023    0.0024    0.0045    0.0189


err_occluded =

    0.3389    0.3366    0.3364    0.3308    0.3781


err_occluded_var =

    0.0847    0.0790    0.0789    0.0831    0.0662



